100,14111,1,0
100,13789,2,0
100,13860,3,0
100,13792,4,0
100,13793,5,0
100,13795,6,0
100,13798,7,0
100,13799,8,0
100,13802,9,0
100,13803,10,0
100,13864,11,0
100,13806,12,0
100,13807,13,0
100,13810,14,0
100,13811,15,0
100,13814,16,0
100,13815,17,0
100,13817,18,0
100,13820,19,0
100,13821,20,0
100,13824,21,0
100,13825,22,0
100,13858,23,0
100,13853,24,0
100,13828,25,0
100,13829,26,0
100,13832,27,0
100,13833,28,0
100,13836,29,0
100,13837,30,0
100,13840,31,0
100,14945,32,0
100,15664,33,0
100,15659,34,0
100,15666,35,0
100,15656,36,0
100,15661,37,0
100,15662,38,1
101,15663,1,0
101,15660,2,0
101,15657,3,0
101,15667,4,0
101,15658,5,0
101,15665,6,0
101,14110,7,0
101,13839,8,0
101,13838,9,0
101,13835,10,0
101,13834,11,0
101,13831,12,0
101,13830,13,0
101,13827,14,0
101,13854,15,0
101,13857,16,0
101,13826,17,0
101,13823,18,0
101,13822,19,0
101,13819,20,0
101,18373,21,0
101,13816,22,0
101,13813,23,0
101,13812,24,0
101,13809,25,0
101,13808,26,0
101,13805,27,0
101,13863,28,0
101,13804,29,0
101,13801,30,0
101,13800,31,0
101,13797,32,0
101,13796,33,0
101,13794,34,0
101,13791,35,0
101,13859,36,0
101,13790,37,0
101,14944,38,1
200,13785,1,0
200,13784,2,0
200,13781,3,0
200,13780,4,0
200,13777,5,0
200,13776,6,0
200,13773,7,0
200,13772,8,0
200,13769,9,0
200,13768,10,0
200,13765,11,0
200,13764,12,0
200,13761,13,0
200,13760,14,0
200,13852,15,0
200,13856,16,0
200,13757,17,0
200,13756,18,0
200,13753,19,0
200,13752,20,0
200,13749,21,0
200,13748,22,0
200,13746,23,0
200,13743,24,0
200,13742,25,0
200,13739,26,0
200,13738,27,0
200,13735,28,0
200,13734,29,0
200,13732,30,0
200,14947,31,1
201,13865,1,0
201,13731,2,0
201,13733,3,0
201,13736,4,0
201,13737,5,0
201,13740,6,0
201,13741,7,0
201,13744,8,0
201,13745,9,0
201,13747,10,0
201,13750,11,0
201,13751,12,0
201,13754,13,0
201,13755,14,0
201,13758,15,0
201,13855,16,0
201,13851,17,0
201,13759,18,0
201,13762,19,0
201,13763,20,0
201,13766,21,0
201,13767,22,0
201,13770,23,0
201,13771,24,0
201,13774,25,0
201,13775,26,0
201,13778,27,0
201,13779,28,0
201,13782,29,0
201,13783,30,0
201,14948,31,1
400,13862,1,0
400,13844,2,0
400,18375,3,0
400,13848,4,0
400,14949,5,1
401,14109,1,0
401,13847,2,0
401,13846,3,0
401,13843,4,0
401,13861,5,1
500,16067,1,0
500,16068,2,0
500,16202,3,0
500,16083,4,0
500,16204,5,0
500,16206,6,0
500,16069,7,0
500,16208,8,0
500,16210,9,0
500,16071,10,0
500,16073,11,0
500,16212,12,0
500,16214,13,0
500,16075,14,0
500,16216,15,0
500,16077,16,0
500,16218,17,0
500,16220,18,0
500,16079,19,0
500,16222,20,0
500,16224,21,0
500,16226,22,0
500,16085,23,0
500,16228,24,0
500,16230,25,0
500,16081,26,1
500,16082,27,1
501,16082,1,0
501,16081,2,0
501,16231,3,0
501,16229,4,0
501,16086,5,0
501,16227,6,0
501,16225,7,0
501,16223,8,0
501,16080,9,0
501,16221,10,0
501,16219,11,0
501,16078,12,0
501,16217,13,0
501,16076,14,0
501,16215,15,0
501,16213,16,0
501,16074,17,0
501,16072,18,0
501,16211,19,0
501,16209,20,0
501,16070,21,0
501,16207,22,0
501,16205,23,0
501,16084,24,0
501,16203,25,0
501,16067,26,1
501,16068,27,1
600,16289,1,0
600,16291,2,0
600,16293,3,0
600,16295,4,0
600,16297,5,0
600,16299,6,0
600,16301,7,0
600,16303,8,0
600,16305,9,0
600,16307,10,0
600,16309,11,0
600,16311,12,0
600,16313,13,0
600,16315,14,0
600,16317,15,0
600,16319,16,0
600,16321,17,0
600,16323,18,1
601,16324,1,0
601,16322,2,0
601,16320,3,0
601,16318,4,0
601,16316,5,0
601,16314,6,0
601,16312,7,0
601,16310,8,0
601,16308,9,0
601,16306,10,0
601,16304,11,0
601,16302,12,0
601,16300,13,0
601,16298,14,0
601,16296,15,0
601,16294,16,0
601,16292,17,0
601,16290,18,1
