100,14404,1,0
100,14405,2,0
100,14406,3,0
100,14407,4,0
100,14408,5,0
100,14409,6,0
100,14410,7,0
100,13143,8,0
100,14411,9,0
100,14412,10,0
100,14413,11,0
100,14414,12,0
100,14415,13,0
100,14416,14,0
100,14417,15,0
100,14418,16,0
100,14419,17,0
100,14420,18,0
100,14421,19,0
100,14422,20,0
100,14423,21,0
100,14424,22,0
100,14425,23,0
100,14426,24,0
100,14427,25,0
100,14428,26,0
100,14429,27,0
100,14430,28,0
100,14431,29,0
100,14432,30,0
100,15380,31,0
100,14433,32,0
100,14434,33,0
100,14435,34,1
101,14436,1,0
101,14437,2,0
101,14438,3,0
101,15380,4,0
101,14439,5,0
101,14440,6,0
101,14441,7,0
101,14442,8,0
101,14443,9,0
101,14444,10,0
101,14445,11,0
101,14446,12,0
101,14447,13,0
101,14448,14,0
101,14449,15,0
101,14450,16,0
101,14451,17,0
101,14452,18,0
101,14453,19,0
101,14454,20,0
101,14455,21,0
101,14456,22,0
101,14457,23,0
101,14458,24,0
101,14459,25,0
101,14460,26,0
101,13143,27,0
101,14461,28,0
101,14462,29,0
101,14463,30,0
101,15144,31,0
101,14464,32,0
101,14465,33,0
101,14466,34,0
101,14467,35,1
200,14468,1,0
200,14469,2,0
200,14470,3,0
200,14471,4,0
200,14472,5,0
200,14473,6,0
200,14474,7,0
200,14475,8,0
200,14476,9,0
200,14477,10,0
200,14478,11,0
200,14479,12,0
200,14480,13,0
200,14481,14,0
200,14482,15,0
200,14483,16,0
200,14484,17,0
200,14485,18,0
200,14486,19,0
200,14487,20,0
200,14488,21,0
200,14489,22,0
200,14490,23,0
200,14491,24,0
200,14492,25,0
200,14493,26,0
200,14494,27,0
200,14495,28,0
200,14496,29,0
200,14497,30,0
200,14498,31,1
201,14499,1,0
201,14500,2,0
201,14501,3,0
201,14502,4,0
201,14503,5,0
201,14504,6,0
201,14505,7,0
201,14506,8,0
201,14507,9,0
201,14508,10,0
201,14509,11,0
201,14510,12,0
201,14511,13,0
201,14512,14,0
201,14513,15,0
201,14514,16,0
201,14515,17,0
201,14516,18,0
201,14517,19,0
201,14518,20,0
201,14519,21,0
201,14520,22,0
201,14521,23,0
201,14522,24,0
201,14523,25,0
201,14524,26,0
201,14525,27,0
201,14526,28,0
201,14527,29,0
201,14528,30,0
201,14529,31,1
300,14541,1,0
300,14542,2,0
300,14543,3,0
300,14544,4,0
300,14545,5,0
300,13398,6,0
300,14546,7,1
301,14547,1,0
301,14548,2,0
301,14549,3,0
301,14550,4,0
301,14551,5,0
301,13502,6,0
301,14552,7,1
400,14530,1,0
400,14531,2,0
400,14532,3,0
400,14533,4,0
400,14534,5,1
401,14535,1,0
401,14536,2,0
401,14537,3,0
401,14538,4,0
401,14539,5,1
